[

[43.8, 60.5, 190.2, 144.7, 240.9, 210.3, 219.7, 176.3, 199.1, 109.2, 78.7, 67.0],

[49.9, 54.3, 109.7, 102.0, 134.5, 211.2, 174.1, 207.5, 108.2, 113.5, 68.7, 23.3],

[63.7, 72.0, 142.3, 93.5, 150.1, 158.7, 127.9, 135.5, 92.3, 102.5, 62.4, 38.5],

[51.0, 57.9, 133.4, 110.9, 112.4, 199.3, 124.0, 178.3, 102.1, 100.7, 55.7, 58.0],

[69.5, 94.3, 187.6, 152.5, 170.2, 226.9, 237.6, 242.7, 177.3, 101.3, 53.9, 59.0],

[65.9, 96.6, 122.5, 124.9, 216.3, 192.7, 269.3, 184.9, 149.1, 81.5, 48.7, 31.3],

[48.1, 62.0, 121.5, 127.3, 188.5, 196.3, 274.3, 199.9, 144.7, 102.6, 65.4, 48.9],

[43.4, 89.2, 71.4, 133.2, 179.5, 166.2, 119.2, 184.7, 79.3, 103.1, 48.9, 62.3],

[50.9, 66.6, 99.7, 103.1, 185.0, 181.3, 140.1, 202.3, 143.0, 79.1, 65.9, 41.2],

[41.2, 66.9, 172.3, 180.9, 144.9, 190.6, 133.5, 151.3, 110.9, 118.1, 70.0, 52.4],

[46.4, 104.9, 86.2, 171.7, 184.9, 227.9, 139.7, 153.7, 147.0, 94.3, 41.1, 46.0],

[83.1, 22.8, 128.3, 118.1, 215.4, 273.4, 165.1, 199.5, 179.5, 95.5, 76.8, 46.5],

[41.7, 67.9, 118.7, 106.9, 141.9, 210.3, 227.5, 163.7, 123.7, 120.2, 47.1, 46.9],

[45.1, 53.9, 69.4, 202.5, 209.4, 234.0, 150.1, 132.7, 124.5, 84.6, 57.8, 51.0],

[54.7, 79.3, 132.9, 166.6, 244.1, 192.9, 196.7, 178.3, 142.5, 84.9, 72.3, 49.5],

[41.2, 62.4, 142.7, 147.0, 235.6, 170.3, 97.5, 185.2, 143.8, 102.0, 49.3, 64.1],

[51.5, 65.7, 152.6, 209.1, 156.1, 182.4, 159.0, 144.8, 64.9, 111.7, 31.0, 46.6],

[49.9, 78.7, 107.2, 203.3, 162.9, 149.8, 197.6, 134.8, 98.5, 79.3, 42.9, 74.7],

[59.5, 26.3, 70.9, 150.5, 147.3, 185.9, 144.5, 274.9, 159.9, 107.3, 75.4, 37.9],

[45.7, 92.9, 160.2, 205.2, 237.1, 124.2, 174.7, 133.7, 146.4, 93.7, 68.6, 65.4],

[51.0, 115.1, 112.5, 182.5, 233.3, 242.1, 262.5, 210.3, 151.1, 125.0, 76.2, 65.4],

[40.6, 67.5, 138.8, 163.7, 174.1, 244.5, 174.0, 171.1, 112.7, 96.6, 56.9, 55.3],

[48.9, 58.6, 92.6, 200.4, 152.1, 251.9, 216.7, 174.7, 110.8, 105.6, 75.1, 69.8],

[94.1, 96.7, 105.0, 178.2, 207.0, 217.6, 194.0, 180.5, 140.3, 105.0, 72.1, 77.7],

[42.5, 75.9, 140.7, 183.3, 223.0, 139.7, 203.4, 237.4, 151.7, 84.1, 54.4, 28.4],
]